0.6;351;0.1325790272695293;NaN
0.62;295;0.16271535236402404;NaN
0.64;247;0.18643775794326228;NaN
0.66;213;0.20987179922639063;NaN
0.68;156;0.24959890220224837;NaN
0.7000000000000001;156;0.2890663740973533;NaN
0.7200000000000001;110;0.28948087967986436;NaN
0.7400000000000001;84;0.3325412155064379;NaN
0.7600000000000001;78;0.4021461349151936;NaN
0.7800000000000001;57;0.43362915899833954;NaN
0.8000000000000002;43;0.4993937679259734;NaN
0.8200000000000002;32;0.6030728386004742;NaN
0.8400000000000002;21;0.5849265354982959;NaN
0.8600000000000002;15;0.5961056641334825;NaN
0.8800000000000002;15;0.6568467187551953;NaN
0.9000000000000002;12;0.6595944199051139;NaN
0.9200000000000003;7;0.5816527599851652;NaN
0.9400000000000003;8;0.6673226703939222;NaN
0.9600000000000003;3;0.4988021593261007;NaN
0.9800000000000003;4;0.5695454248595352;NaN
